
T4, 14/08/2024 01 06 09 21 43 44
CN, 11/08/2024 17 18 19 33 35 37
T6, 09/08/2024 06 14 15 24 26 39
T4, 07/08/2024 11 19 22 29 40 44
CN, 04/08/2024 01 04 16 18 20 32
T6, 02/08/2024 09 14 19 34 37 41
T4, 31/07/2024 02 04 12 16 18 42
CN, 28/07/2024 01 13 21 25 31 39
T6, 26/07/2024 18 20 28 31 39 45
T4, 24/07/2024 07 08 20 27 32 34
CN, 21/07/2024 09 10 23 25 28 38
T6, 19/07/2024 01 10 20 25 34 35
T4, 17/07/2024 09 10 11 16 21 30
CN, 14/07/2024 09 18 33 37 38 43
T6, 12/07/2024 11 17 25 26 28 29
T4, 10/07/2024 23 24 36 37 40 45
CN, 07/07/2024 04 08 22 23 26 45
T6, 05/07/2024 04 23 33 38 40 44
T4, 03/07/2024 11 18 24 34 38 43
CN, 30/06/2024 05 23 25 28 30 43
T6, 28/06/2024 04 06 16 32 41 44
T4, 26/06/2024 08 10 29 30 33 40
CN, 23/06/2024 09 11 19 29 31 44
T6, 21/06/2024 03 07 11 16 19 35
T4, 19/06/2024 08 12 17 23 26 27
CN, 16/06/2024 03 16 17 18 25 37
T6, 14/06/2024 10 24 25 26 30 41
T4, 12/06/2024 01 02 08 13 26 34
CN, 09/06/2024 04 05 28 32 37 42
T6, 07/06/2024 15 19 24 25 27 39
T4, 05/06/2024 11 25 28 33 34 45
CN, 02/06/2024 02 07 13 23 25 45
T6, 31/05/2024 04 08 15 23 31 40
T4, 29/05/2024 04 21 25 27 35 39
CN, 26/05/2024 04 09 11 14 19 27
T6, 24/05/2024 02 14 15 17 23 40
T4, 22/05/2024 02 03 10 22 41 43
CN, 19/05/2024 05 19 25 35 37 39
T6, 17/05/2024 08 22 27 29 39 43
T4, 15/05/2024 03 11 13 21 24 34
CN, 12/05/2024 03 05 06 09 32 45
T6, 10/05/2024 12 13 31 38 42 43
T4, 08/05/2024 02 10 13 22 30 34
CN, 05/05/2024 10 12 14 16 21 39
T6, 03/05/2024 01 13 14 21 27 43
T4, 01/05/2024 07 09 17 20 25 29
CN, 28/04/2024 01 13 14 22 23 37
T6, 26/04/2024 02 03 25 34 35 38
T4, 24/04/2024 07 21 30 33 38 39
CN, 21/04/2024 07 21 36 38 40 45
T6, 19/04/2024 02 03 20 21 32 33
T4, 17/04/2024 09 16 26 27 32 41
CN, 14/04/2024 07 12 16 29 42 45
T6, 12/04/2024 06 17 18 26 43 45
T4, 10/04/2024 02 10 30 33 34 40
CN, 07/04/2024 03 11 15 17 24 35
T6, 05/04/2024 14 18 22 29 36 37
T4, 03/04/2024 07 11 14 22 29 34
CN, 31/03/2024 05 12 13 17 40 41
T6, 29/03/2024 04 07 25 34 35 38
T4, 27/03/2024 06 29 31 35 42 44
CN, 24/03/2024 01 14 22 28 32 42
T6, 22/03/2024 05 06 11 20 24 45
T4, 20/03/2024 08 14 26 28 43 45
CN, 17/03/2024 01 03 05 26 30 42
T6, 15/03/2024 09 11 16 29 31 33
T4, 13/03/2024 01 13 25 30 34 40
CN, 10/03/2024 04 12 19 23 36 41
T6, 08/03/2024 02 26 28 40 41 45
T4, 06/03/2024 11 15 34 39 41 43
CN, 03/03/2024 03 10 17 20 22 27
T6, 01/03/2024 20 22 24 26 28 37
T4, 28/02/2024 01 10 21 25 32 39
CN, 25/02/2024 05 07 10 12 15 26
T6, 23/02/2024 04 17 19 27 28 36
T4, 21/02/2024 02 08 14 19 24 42
CN, 18/02/2024 05 19 20 21 24 40
T6, 16/02/2024 06 10 16 20 40 42
T4, 14/02/2024 08 09 11 12 40 44
CN, 11/02/2024 07 18 31 33 35 41
T4, 07/02/2024 17 21 24 25 39 42
CN, 04/02/2024 09 15 21 29 33 39
T6, 02/02/2024 01 15 29 31 32 34
T4, 31/01/2024 09 11 15 35 38 41
CN, 28/01/2024 03 23 25 29 36 41
T6, 26/01/2024 08 19 22 27 31 35
T4, 24/01/2024 07 27 30 36 39 45
CN, 21/01/2024 11 20 22 23 26 31
T6, 19/01/2024 08 15 20 24 43 44
T4, 17/01/2024 14 19 21 36 43 44
CN, 14/01/2024 02 08 19 20 24 42
T6, 12/01/2024 10 11 20 27 39 43
T4, 10/01/2024 10 12 18 19 29 43
CN, 07/01/2024 03 04 15 18 36 45
T6, 05/01/2024 09 16 29 31 33 42
T4, 03/01/2024 09 14 19 20 29 40
CN, 31/12/2023 13 14 23 25 34 44
T6, 29/12/2023 16 20 22 35 37 39
T4, 27/12/2023 08 16 23 34 36 39
CN, 24/12/2023 01 02 05 24 40 43
T6, 22/12/2023 02 12 14 16 34 38
T4, 20/12/2023 05 15 16 21 22 32
CN, 17/12/2023 03 07 18 20 31 33
T6, 15/12/2023 01 05 10 11 20 40
T4, 13/12/2023 03 07 11 20 28 44
CN, 10/12/2023 09 10 11 17 41 44
T6, 08/12/2023 11 15 16 17 42 43
T4, 06/12/2023 18 19 20 29 41 42
CN, 03/12/2023 12 14 16 21 29 32
T6, 01/12/2023 05 10 14 21 27 32
T4, 29/11/2023 09 22 24 32 38 39
CN, 26/11/2023 04 06 15 23 25 36
T6, 24/11/2023 05 18 22 34 41 45
T4, 22/11/2023 15 18 20 23 37 39
CN, 19/11/2023 01 03 19 20 26 34
T6, 17/11/2023 16 20 25 26 36 41
T4, 15/11/2023 02 03 12 16 30 37
CN, 12/11/2023 02 04 10 15 27 31
T6, 10/11/2023 01 04 10 13 14 44
T4, 08/11/2023 07 20 23 27 31 33
CN, 05/11/2023 01 13 16 18 23 25
T6, 03/11/2023 02 07 09 13 22 38
T4, 01/11/2023 01 03 15 16 23 28
CN, 29/10/2023 05 07 15 21 32 45
T6, 27/10/2023 07 10 14 21 26 37
T4, 25/10/2023 04 06 13 25 31 41
CN, 22/10/2023 10 13 14 19 35 40
T6, 20/10/2023 04 16 21 24 26 37
T4, 18/10/2023 02 07 18 20 24 29
CN, 15/10/2023 04 05 09 27 34 39
T6, 13/10/2023 01 11 16 39 40 45
T4, 11/10/2023 05 10 30 40 44 45
CN, 08/10/2023 04 16 22 28 33 39
T6, 06/10/2023 18 19 24 28 33 40
T4, 04/10/2023 07 17 21 32 40 45
CN, 01/10/2023 02 11 13 16 41 43
T6, 29/09/2023 02 08 24 27 30 43
T4, 27/09/2023 03 12 22 30 37 39
CN, 24/09/2023 04 08 23 27 30 36
T6, 22/09/2023 02 16 17 18 20 23
T4, 20/09/2023 03 06 20 39 40 41
CN, 17/09/2023 06 10 15 36 39 43
T6, 15/09/2023 02 03 05 07 10 38
T4, 13/09/2023 02 04 07 09 12 13
CN, 10/09/2023 04 05 10 18 27 40
T6, 08/09/2023 06 08 14 29 39 42
T4, 06/09/2023 03 04 12 18 19 29
CN, 03/09/2023 01 33 38 39 44 45
T6, 01/09/2023 09 14 16 19 28 41
T4, 30/08/2023 13 17 20 28 30 33
CN, 27/08/2023 24 27 30 37 44 45
T6, 25/08/2023 08 18 30 32 38 45
T4, 23/08/2023 05 14 18 19 29 31
CN, 20/08/2023 07 08 22 23 30 42
T6, 18/08/2023 12 19 21 22 34 38
T4, 16/08/2023 05 07 25 31 39 41
CN, 13/08/2023 09 15 23 33 35 40
T6, 11/08/2023 16 21 26 29 30 45
T4, 09/08/2023 18 22 30 31 39 41
CN, 06/08/2023 04 15 19 25 30 38
T6, 04/08/2023 02 12 22 38 41 44
T4, 02/08/2023 04 21 27 38 39 44
CN, 30/07/2023 03 17 23 33 42 45
T6, 28/07/2023 07 27 28 30 31 35
T4, 26/07/2023 04 13 18 21 29 37
CN, 23/07/2023 14 17 23 32 33 43
T6, 21/07/2023 09 20 31 33 36 45
T4, 19/07/2023 06 10 19 37 43 45
CN, 16/07/2023 01 07 16 18 21 29
T6, 14/07/2023 04 05 13 19 27 37
T4, 12/07/2023 19 24 27 31 33 43
CN, 09/07/2023 14 16 27 28 33 41
T6, 07/07/2023 05 09 12 20 37 42
T4, 05/07/2023 01 12 24 27 36 44
CN, 02/07/2023 03 05 08 17 37 41
T6, 30/06/2023 02 05 20 23 31 38
T4, 28/06/2023 04 08 24 31 42 45
CN, 25/06/2023 04 06 07 25 26 30
T6, 23/06/2023 10 14 15 20 24 45
T4, 21/06/2023 07 13 19 35 37 38
CN, 18/06/2023 03 04 08 18 21 33
T6, 16/06/2023 24 26 32 37 38 41
T4, 14/06/2023 02 28 31 37 41 44
CN, 11/06/2023 05 18 22 40 41 44
T6, 09/06/2023 15 16 23 25 40 41
T4, 07/06/2023 01 07 14 16 34 44
CN, 04/06/2023 03 15 19 35 36 43
T6, 02/06/2023 03 11 14 19 21 43
T4, 31/05/2023 04 09 10 22 41 44
CN, 28/05/2023 06 13 19 20 37 44
T6, 26/05/2023 08 10 19 25 35 44
T4, 24/05/2023 09 11 15 28 33 44
CN, 21/05/2023 08 10 17 19 24 41
T6, 19/05/2023 03 09 10 27 35 38
T4, 17/05/2023 02 06 13 20 28 44
CN, 14/05/2023 07 08 13 37 42 44
T6, 12/05/2023 02 06 08 09 15 27
T4, 10/05/2023 07 08 09 13 15 27
CN, 07/05/2023 04 30 31 33 35 45
T6, 05/05/2023 22 28 31 35 36 38
T4, 03/05/2023 18 23 28 29 39 44
CN, 30/04/2023 07 09 23 24 33 36
T6, 28/04/2023 05 11 25 33 42 44
T4, 26/04/2023 01 04 07 09 34 37
CN, 23/04/2023 01 02 22 30 37 42
T6, 21/04/2023 02 04 07 10 20 44
T4, 19/04/2023 10 27 37 40 42 43
CN, 16/04/2023 08 17 20 25 33 36
T6, 14/04/2023 08 16 23 27 32 41
T4, 12/04/2023 04 07 27 28 32 43
CN, 09/04/2023 12 15 25 30 34 39
T6, 07/04/2023 09 14 22 29 39 41
T4, 05/04/2023 04 08 12 15 19 43
CN, 02/04/2023 02 24 36 38 42 43
T6, 31/03/2023 01 09 10 15 30 42
T4, 29/03/2023 03 06 12 28 29 43
CN, 26/03/2023 06 16 18 25 34 45
T6, 24/03/2023 06 14 15 18 24 41
T4, 22/03/2023 05 08 10 15 17 41
CN, 19/03/2023 02 07 10 21 28 35
T6, 17/03/2023 05 07 12 22 26 33
T4, 15/03/2023 11 19 23 28 34 35
CN, 12/03/2023 10 28 29 31 33 37
T6, 10/03/2023 03 05 13 22 36 44
T4, 08/03/2023 10 13 22 25 28 36
CN, 05/03/2023 09 11 24 31 36 44
T6, 03/03/2023 10 22 26 27 33 43
T4, 01/03/2023 13 14 29 33 38 43
CN, 26/02/2023 04 09 16 26 28 42
T6, 24/02/2023 01 10 16 22 35 44
T4, 22/02/2023 08 16 22 23 28 38
CN, 19/02/2023 02 20 22 28 29 38
T6, 17/02/2023 01 05 10 13 23 25
T4, 15/02/2023 01 02 08 20 24 31
CN, 12/02/2023 03 05 11 23 24 42
T6, 10/02/2023 01 11 23 27 33 39
T4, 08/02/2023 06 18 20 22 26 34
CN, 05/02/2023 13 15 23 29 31 34
T6, 03/02/2023 04 11 16 30 33 43
T4, 01/02/2023 16 21 27 29 34 44
CN, 29/01/2023 05 21 26 27 32 33
T6, 27/01/2023 10 13 21 29 41 43
T4, 25/01/2023 12 14 18 22 28 31
T6, 20/01/2023 03 07 13 29 32 44
CN, 15/01/2023 08 09 15 21 26 45
T6, 13/01/2023 03 11 14 20 26 42
T4, 11/01/2023 01 18 22 33 34 43
CN, 08/01/2023 11 29 32 39 40 43
T6, 06/01/2023 02 07 16 25 35 38
T4, 04/01/2023 03 05 07 37 39 42
CN, 01/01/2023 16 20 26 30 32 40
T6, 30/12/2022 03 24 31 35 39 42
T4, 28/12/2022 04 05 10 21 33 37
CN, 25/12/2022 15 17 21 28 37 43
T6, 23/12/2022 02 14 21 22 35 43
T4, 21/12/2022 08 12 20 26 35 37
CN, 18/12/2022 02 12 13 33 36 42
T6, 16/12/2022 06 19 22 26 38 39
T4, 14/12/2022 13 29 35 37 38 41
CN, 11/12/2022 09 11 16 17 22 33
T6, 09/12/2022 04 23 25 30 40 41
T4, 07/12/2022 08 11 19 24 26 42
CN, 04/12/2022 04 05 07 09 27 39
T6, 02/12/2022 02 18 21 24 38 44
T4, 30/11/2022 07 15 20 25 32 37
CN, 27/11/2022 01 26 27 35 36 43
T6, 25/11/2022 14 20 24 30 35 41
T4, 23/11/2022 04 13 15 20 37 38
CN, 20/11/2022 01 04 14 22 24 40
T6, 18/11/2022 15 16 22 25 29 33
T4, 16/11/2022 02 03 12 32 35 44
CN, 13/11/2022 03 04 27 32 40 43
T6, 11/11/2022 02 03 09 15 17 43
T4, 09/11/2022 07 09 16 20 30 32
CN, 06/11/2022 08 10 12 14 17 31
T6, 04/11/2022 09 13 16 24 33 45
T4, 02/11/2022 02 17 23 27 37 42
CN, 30/10/2022 15 27 31 36 38 41
T6, 28/10/2022 16 21 22 33 42 45
T4, 26/10/2022 02 03 10 15 31 36
CN, 23/10/2022 02 11 18 33 36 45
T6, 21/10/2022 10 16 17 18 34 42
T4, 19/10/2022 01 03 07 10 21 29
CN, 16/10/2022 02 05 19 26 38 40
T6, 14/10/2022 01 06 22 25 30 34
T4, 12/10/2022 01 07 13 16 27 35
CN, 09/10/2022 13 15 20 25 35 43
T6, 07/10/2022 18 20 29 34 36 38
T4, 05/10/2022 09 18 23 24 29 34
CN, 02/10/2022 03 17 28 30 31 32
T6, 30/09/2022 04 11 19 20 35 41
T4, 28/09/2022 04 05 07 24 27 30
CN, 25/09/2022 03 05 08 31 33 34
T6, 23/09/2022 01 12 21 28 30 44
T4, 21/09/2022 05 10 14 25 42 45
CN, 18/09/2022 03 05 10 17 25 29
T6, 16/09/2022 02 26 35 41 42 43
T4, 14/09/2022 03 12 15 20 24 45
CN, 11/09/2022 04 15 20 31 43 44
T6, 09/09/2022 04 06 13 14 28 39
T4, 07/09/2022 08 09 10 20 35 38
CN, 04/09/2022 05 17 19 27 35 39
T6, 02/09/2022 02 03 14 21 31 33
T4, 31/08/2022 04 10 28 29 31 34
CN, 28/08/2022 08 16 31 37 39 41
T6, 26/08/2022 03 30 31 32 36 45
T4, 24/08/2022 12 20 21 23 27 34
CN, 21/08/2022 05 19 21 23 28 36
T6, 19/08/2022 25 26 33 39 41 43
T4, 17/08/2022 23 29 35 37 39 45
CN, 14/08/2022 09 13 21 24 34 35
T6, 12/08/2022 05 07 16 20 36 41
T4, 10/08/2022 04 08 10 15 26 31
CN, 07/08/2022 06 09 10 13 24 27
T6, 05/08/2022 10 13 14 32 37 42
T4, 03/08/2022 05 14 30 36 38 42
CN, 31/07/2022 03 08 15 16 40 42
T6, 29/07/2022 05 07 11 20 31 37
T4, 27/07/2022 09 15 18 22 32 41
CN, 24/07/2022 04 11 17 29 30 44
T6, 22/07/2022 04 10 18 22 31 37
T4, 20/07/2022 05 06 20 22 26 39
CN, 17/07/2022 07 13 20 23 27 29
T6, 15/07/2022 04 30 35 39 42 43
T4, 13/07/2022 04 09 21 28 35 37
CN, 10/07/2022 12 23 29 36 37 41
T6, 08/07/2022 06 07 12 18 21 43
T4, 06/07/2022 04 12 14 15 41 42
CN, 03/07/2022 08 14 17 20 21 40
T6, 01/07/2022 17 26 30 31 33 39
T4, 29/06/2022 01 19 20 27 30 32
CN, 26/06/2022 03 07 08 18 27 36
T6, 24/06/2022 07 16 18 32 34 44
T4, 22/06/2022 03 20 23 30 33 35
CN, 19/06/2022 01 24 25 31 39 40
T6, 17/06/2022 05 08 26 29 35 44
T4, 15/06/2022 01 06 12 20 36 39
CN, 12/06/2022 06 14 19 22 40 42
T6, 10/06/2022 10 23 25 26 30 41
T4, 08/06/2022 02 10 13 15 22 36
CN, 05/06/2022 06 08 21 28 30 35
T6, 03/06/2022 05 08 34 38 39 41
T4, 01/06/2022 06 10 21 23 28 39
CN, 29/05/2022 02 06 19 24 30 42
T6, 27/05/2022 16 21 23 27 35 41
T4, 25/05/2022 19 26 27 39 44 45
CN, 22/05/2022 01 07 10 24 33 40
T6, 20/05/2022 12 17 34 39 44 45
T4, 18/05/2022 03 17 23 37 40 42
CN, 15/05/2022 05 20 21 31 34 37
T6, 13/05/2022 07 08 18 29 41 44
T4, 11/05/2022 02 06 07 18 34 41
CN, 08/05/2022 04 12 20 25 35 37
T6, 06/05/2022 01 03 15 16 34 43
T4, 04/05/2022 01 04 23 28 33 38
CN, 01/05/2022 08 21 26 35 37 42
T6, 29/04/2022 05 12 16 25 26 32
T4, 27/04/2022 03 09 14 17 27 32
CN, 24/04/2022 09 12 23 30 32 40
T6, 22/04/2022 11 13 15 18 24 36
T4, 20/04/2022 01 08 17 21 27 37
CN, 17/04/2022 05 13 15 28 38 40
T6, 15/04/2022 09 18 21 25 35 44
T4, 13/04/2022 01 07 20 25 40 41
CN, 10/04/2022 04 17 28 30 38 42
T6, 08/04/2022 02 13 16 19 20 36
T4, 06/04/2022 13 17 19 25 32 45
CN, 03/04/2022 05 11 20 26 40 43
T6, 01/04/2022 02 19 25 32 41 44
T4, 30/03/2022 01 12 26 28 39 45
CN, 27/03/2022 08 17 21 39 44 45
T6, 25/03/2022 01 12 13 27 29 35
T4, 23/03/2022 02 09 37 38 40 43
CN, 20/03/2022 01 09 10 12 22 44
T6, 18/03/2022 06 10 15 29 41 42
T4, 16/03/2022 10 11 14 24 31 45
CN, 13/03/2022 01 05 19 20 23 38
T6, 11/03/2022 06 20 23 29 34 45
T4, 09/03/2022 03 15 35 39 40 43
CN, 06/03/2022 11 16 21 33 34 42
T6, 04/03/2022 03 19 21 24 27 38
T4, 02/03/2022 07 10 13 20 21 34
CN, 27/02/2022 10 20 25 27 38 45
T6, 25/02/2022 10 13 30 33 39 41
T4, 23/02/2022 02 16 18 19 24 29
CN, 20/02/2022 04 06 16 30 43 44
T6, 18/02/2022 03 14 20 26 28 36
T4, 16/02/2022 02 05 08 16 22 42
CN, 13/02/2022 14 21 22 24 28 45
T6, 11/02/2022 10 11 19 38 41 44
T4, 09/02/2022 03 20 27 37 44 45
CN, 06/02/2022 05 09 21 24 34 39
T6, 04/02/2022 11 16 18 38 40 43
T4, 02/02/2022 05 06 14 20 31 38
CN, 30/01/2022 01 07 22 26 28 41
T6, 28/01/2022 04 06 12 26 27 39
T4, 26/01/2022 05 11 15 18 27 43
CN, 23/01/2022 13 20 24 32 34 40
T6, 21/01/2022 01 13 17 24 27 42
T4, 19/01/2022 14 21 25 34 37 39
CN, 16/01/2022 01 03 04 05 32 33
T6, 14/01/2022 05 14 27 30 38 45
T4, 12/01/2022 03 06 13 15 36 44
CN, 09/01/2022 06 07 11 22 35 41
T6, 07/01/2022 10 13 24 28 38 44
T4, 05/01/2022 01 03 08 09 35 40
CN, 02/01/2022 11 17 30 36 41 45
T6, 31/12/2021 02 05 12 33 41 45
T4, 29/12/2021 05 27 33 34 38 40
CN, 26/12/2021 04 11 16 24 35 44
T6, 24/12/2021 03 17 25 26 36 38
T4, 22/12/2021 08 16 17 23 28 38
CN, 19/12/2021 12 15 24 30 36 45
T6, 17/12/2021 08 15 16 21 25 33
T4, 15/12/2021 03 18 29 30 39 41
CN, 12/12/2021 16 21 29 40 41 43
T6, 10/12/2021 01 04 17 19 24 42
T4, 08/12/2021 02 03 16 19 22 34
CN, 05/12/2021 03 05 06 31 34 35
T6, 03/12/2021 10 14 29 37 38 40
T4, 01/12/2021 08 09 30 31 38 45
CN, 28/11/2021 13 17 26 27 31 37
T6, 26/11/2021 04 18 25 29 32 34
T4, 24/11/2021 02 10 18 23 34 36
CN, 21/11/2021 01 12 29 40 44 45
T6, 19/11/2021 09 10 26 28 39 43
T4, 17/11/2021 04 15 25 26 32 35
CN, 14/11/2021 03 05 18 28 42 43
T6, 12/11/2021 11 14 18 24 35 37
T4, 10/11/2021 17 18 19 20 27 44
CN, 07/11/2021 05 20 24 25 35 36
T6, 05/11/2021 10 16 36 40 41 42
T4, 03/11/2021 03 13 15 23 24 44
CN, 31/10/2021 09 14 17 18 36 41
T6, 29/10/2021 17 19 22 31 32 34
T4, 27/10/2021 13 17 26 29 33 39
CN, 24/10/2021 06 29 31 32 39 44
T6, 22/10/2021 03 05 06 09 28 43
T4, 20/10/2021 05 09 33 40 41 45
CN, 17/10/2021 04 12 21 22 27 40
T6, 15/10/2021 05 13 17 20 29 45
T4, 13/10/2021 20 34 37 39 41 42
CN, 10/10/2021 03 25 26 29 40 42
T6, 08/10/2021 04 13 18 23 33 43
T4, 06/10/2021 09 11 15 20 32 36
CN, 03/10/2021 06 12 28 30 39 42
T6, 01/10/2021 11 15 17 27 28 45
T4, 29/09/2021 06 15 16 27 36 42
CN, 26/09/2021 13 27 34 35 36 41
T6, 24/09/2021 01 04 07 14 16 41
T4, 22/09/2021 05 10 19 22 36 45
CN, 19/09/2021 06 24 28 31 36 43
T6, 17/09/2021 06 10 15 37 39 44
T4, 15/09/2021 11 14 17 24 29 35
CN, 12/09/2021 04 08 21 29 33 45
T6, 10/09/2021 10 16 22 36 43 44
T4, 08/09/2021 04 18 28 32 36 40
CN, 05/09/2021 15 18 25 27 29 34
T6, 03/09/2021 06 11 18 23 32 44
T4, 01/09/2021 06 13 33 34 40 45
CN, 29/08/2021 01 18 21 25 27 35
T6, 27/08/2021 04 10 11 15 24 37
T4, 25/08/2021 01 03 05 17 22 33
CN, 22/08/2021 06 07 18 25 40 43
T6, 20/08/2021 04 08 17 27 32 36
T4, 18/08/2021 10 16 19 27 28 36
CN, 15/08/2021 11 18 26 29 33 41
T6, 13/08/2021 03 05 13 17 19 35
T4, 11/08/2021 07 11 22 24 29 35
CN, 08/08/2021 01 06 15 17 19 30
T6, 06/08/2021 04 09 17 18 28 32
T4, 04/08/2021 01 06 13 30 34 43
CN, 01/08/2021 03 14 15 21 26 37
T6, 30/07/2021 01 14 15 18 32 45
T4, 28/07/2021 02 05 06 08 10 32
CN, 25/07/2021 05 10 29 37 42 44
T6, 23/07/2021 03 05 06 23 24 39
T4, 21/07/2021 08 10 12 29 34 37
CN, 18/07/2021 03 08 19 21 25 36
T6, 16/07/2021 01 09 18 26 41 45
T4, 14/07/2021 04 11 22 29 37 43
CN, 11/07/2021 02 08 15 17 19 30
T6, 09/07/2021 04 09 17 18 28 32
T4, 07/07/2021 01 06 13 30 34 43
CN, 04/07/2021 03 14 15 21 26 37
T6, 02/07/2021 01 14 15 18 32 45
T4, 30/06/2021 02 05 06 08 10 32
CN, 27/06/2021 05 10 29 37 42 44
T6, 25/06/2021 03 05 06 23 24 39
T4, 23/06/2021 04 07 20 28 33 41
CN, 20/06/2021 10 24 27 42 43 45
T6, 18/06/2021 10 11 28 29 40 42
T4, 16/06/2021 11 19 24 28 31 39
CN, 13/06/2021 03 10 12 13 36 44
T6, 11/06/2021 08 12 13 14 32 40
T4, 09/06/2021 02 07 18 20 24 36
CN, 06/06/2021 05 07 10 13 14 42
T6, 04/06/2021 19 24 31 32 35 36
T4, 02/06/2021 10 20 22 26 31 42
CN, 30/05/2021 07 10 19 30 40 45
T6, 28/05/2021 02 15 33 41 44 45
T4, 26/05/2021 01 10 22 36 38 45
CN, 23/05/2021 11 14 22 26 29 44
T6, 21/05/2021 04 28 37 38 40 42
T4, 19/05/2021 03 12 23 29 33 34
CN, 16/05/2021 13 23 33 37 40 43
T6, 14/05/2021 03 11 16 20 24 30
T4, 12/05/2021 09 15 22 27 34 42
CN, 09/05/2021 01 07 16 24 27 37
T6, 07/05/2021 10 20 21 27 33 34
T4, 05/05/2021 03 14 20 22 37 44
CN, 02/05/2021 07 08 30 35 40 44
T6, 30/04/2021 03 04 20 21 36 41
T4, 28/04/2021 21 39 40 41 43 45
CN, 25/04/2021 08 19 21 28 32 44
T6, 23/04/2021 13 16 18 22 34 39
T4, 21/04/2021 03 12 19 27 32 35
CN, 18/04/2021 07 09 15 23 26 27
T6, 16/04/2021 08 09 11 28 30 39
T4, 14/04/2021 11 12 16 18 33 35
CN, 11/04/2021 03 23 27 32 34 39
T6, 09/04/2021 03 04 08 17 19 37
T4, 07/04/2021 13 15 19 25 33 34
CN, 04/04/2021 05 20 27 30 38 43
T6, 02/04/2021 01 05 09 16 42 44
T4, 31/03/2021 02 04 06 36 41 42
CN, 28/03/2021 23 26 40 41 43 44
T6, 26/03/2021 02 11 15 18 23 42
T4, 24/03/2021 07 14 23 26 37 39
CN, 21/03/2021 08 09 11 31 36 39
T6, 19/03/2021 05 06 24 34 36 37
T4, 17/03/2021 06 11 26 28 36 41
CN, 14/03/2021 01 09 11 32 34 42
T6, 12/03/2021 05 11 17 34 38 42
T4, 10/03/2021 05 14 15 19 25 33
CN, 07/03/2021 04 12 25 28 33 45
T6, 05/03/2021 09 11 13 21 27 41
T4, 03/03/2021 01 20 28 37 40 44
CN, 28/02/2021 04 05 25 28 29 42
T6, 26/02/2021 11 13 19 27 37 41
T4, 24/02/2021 02 13 19 33 40 43
CN, 21/02/2021 06 07 22 24 27 37
T6, 19/02/2021 12 19 22 23 34 44
T4, 17/02/2021 03 18 21 22 36 44
CN, 14/02/2021 03 13 18 21 39 44
T4, 10/02/2021 08 13 18 19 21 24
CN, 07/02/2021 01 04 07 15 41 42
T6, 05/02/2021 02 08 31 32 42 44
T4, 03/02/2021 07 09 14 23 35 41
CN, 31/01/2021 04 06 07 11 34 41
T6, 29/01/2021 06 07 08 29 35 39
T4, 27/01/2021 01 07 11 28 41 44
CN, 24/01/2021 08 09 23 25 31 32
T6, 22/01/2021 01 06 07 20 28 43
T4, 20/01/2021 07 20 29 30 40 45
CN, 17/01/2021 04 05 32 39 40 42
T6, 15/01/2021 04 06 10 13 26 43
T4, 13/01/2021 19 20 21 28 33 41
CN, 10/01/2021 10 11 22 32 38 43
T6, 08/01/2021 08 19 22 25 32 35
T4, 06/01/2021 22 27 30 35 40 45
CN, 03/01/2021 04 31 34 36 40 43
T6, 01/01/2021 10 16 24 26 30 32
T4, 30/12/2020 01 13 20 26 35 37
CN, 27/12/2020 03 11 17 19 34 39
T6, 25/12/2020 06 12 15 22 33 39
T4, 23/12/2020 07 11 17 31 35 40
CN, 20/12/2020 15 18 28 30 34 44
T6, 18/12/2020 04 09 14 23 32 38
T4, 16/12/2020 10 11 22 27 36 41
CN, 13/12/2020 10 12 20 36 41 44
T6, 11/12/2020 23 24 25 35 37 39
T4, 09/12/2020 16 24 27 31 36 43
CN, 06/12/2020 11 21 24 27 29 37
T6, 04/12/2020 03 05 33 37 41 43
T4, 02/12/2020 04 05 07 10 25 39
CN, 29/11/2020 06 07 14 18 37 43
T6, 27/11/2020 01 09 12 13 37 43
T4, 25/11/2020 01 05 07 08 25 40
CN, 22/11/2020 09 16 17 24 32 40
T6, 20/11/2020 02 17 24 29 31 37
T4, 18/11/2020 18 19 21 31 39 44
CN, 15/11/2020 14 16 21 29 40 41
T6, 13/11/2020 08 22 23 33 34 36
T4, 11/11/2020 04 10 12 17 20 35
CN, 08/11/2020 03 12 14 16 23 33
T6, 06/11/2020 19 24 30 32 36 37
T4, 04/11/2020 03 08 11 13 26 38
CN, 01/11/2020 06 21 27 30 32 44
T6, 30/10/2020 04 05 14 18 23 43
T4, 28/10/2020 01 04 07 15 35 45
CN, 25/10/2020 11 19 30 38 41 45
T6, 23/10/2020 05 10 16 23 34 45
T4, 21/10/2020 04 11 26 36 38 41
CN, 18/10/2020 01 14 25 26 30 40
T6, 16/10/2020 04 14 16 23 24 27
T4, 14/10/2020 04 07 23 32 43 44
CN, 11/10/2020 12 18 28 31 40 45
T6, 09/10/2020 15 19 23 30 33 39
T4, 07/10/2020 13 15 25 26 28 34
CN, 04/10/2020 09 16 19 25 26 39
T6, 02/10/2020 09 11 21 31 32 37
T4, 30/09/2020 02 05 31 32 42 44
CN, 27/09/2020 01 12 26 31 37 38
T6, 25/09/2020 14 20 22 35 44 45
T4, 23/09/2020 02 08 17 23 30 41
CN, 20/09/2020 05 07 09 13 15 16
T6, 18/09/2020 10 19 21 23 27 33
T4, 16/09/2020 05 20 29 30 38 40
CN, 13/09/2020 20 23 28 37 40 44
T6, 11/09/2020 04 11 13 16 17 33
T4, 09/09/2020 19 21 34 35 36 39
CN, 06/09/2020 01 06 19 29 31 44
T6, 04/09/2020 07 16 20 30 40 41
T4, 02/09/2020 08 10 14 16 18 24
CN, 30/08/2020 06 08 18 19 29 33
T6, 28/08/2020 10 11 14 23 27 37
T4, 26/08/2020 02 18 24 28 35 42
CN, 23/08/2020 10 14 19 25 36 39
T6, 21/08/2020 07 08 26 30 37 43
T4, 19/08/2020 07 20 36 37 43 45
CN, 16/08/2020 02 05 06 20 33 39
T6, 14/08/2020 09 18 21 24 34 41
T4, 12/08/2020 07 21 34 38 43 44
CN, 09/08/2020 11 13 14 43 44 45
T6, 07/08/2020 17 26 35 40 43 44
T4, 05/08/2020 14 18 19 32 33 38
CN, 02/08/2020 06 09 12 17 41 42
T6, 31/07/2020 04 09 19 29 36 41
T4, 29/07/2020 06 14 26 41 42 43
CN, 26/07/2020 05 15 21 39 43 45
T6, 24/07/2020 04 25 31 35 39 41
T4, 22/07/2020 09 13 18 24 26 42
CN, 19/07/2020 01 13 14 19 42 45
T6, 17/07/2020 04 10 18 20 32 45
T4, 15/07/2020 10 11 18 19 20 45
CN, 12/07/2020 02 15 21 27 31 35
T6, 10/07/2020 18 20 22 33 35 39
T4, 08/07/2020 14 15 17 21 31 38
CN, 05/07/2020 05 08 10 17 22 31
T6, 03/07/2020 04 05 17 18 22 36
T4, 01/07/2020 10 13 14 26 32 33
CN, 28/06/2020 04 15 24 36 37 41
T6, 26/06/2020 09 23 27 30 38 41
T4, 24/06/2020 07 17 18 32 39 40
CN, 21/06/2020 07 09 13 33 40 44
T6, 19/06/2020 04 12 17 19 32 45
T4, 17/06/2020 07 16 28 33 34 45
CN, 14/06/2020 19 22 24 41 44 45
T6, 12/06/2020 05 16 22 27 30 31
T4, 10/06/2020 02 11 23 25 26 35
CN, 07/06/2020 06 07 11 16 23 44
T6, 05/06/2020 10 13 22 28 38 43
T4, 03/06/2020 01 15 17 19 40 43
CN, 31/05/2020 01 06 13 27 35 40
T6, 29/05/2020 04 10 23 26 35 37
T4, 27/05/2020 06 15 29 30 37 42
CN, 24/05/2020 01 29 30 32 34 35
T6, 22/05/2020 03 08 19 28 35 41
T4, 20/05/2020 01 08 15 23 25 39
CN, 17/05/2020 02 04 21 30 33 37
T6, 15/05/2020 03 12 13 28 33 36
T4, 13/05/2020 06 20 21 35 40 45
CN, 10/05/2020 07 09 23 32 33 37
T6, 08/05/2020 01 03 07 12 22 25
T4, 06/05/2020 03 18 25 29 30 44
CN, 03/05/2020 05 18 29 32 38 44
T6, 01/05/2020 06 07 16 37 40 44
T4, 29/04/2020 01 08 11 13 15 32
CN, 26/04/2020 05 25 30 36 37 41
T6, 24/04/2020 10 31 37 39 40 43
CN, 29/03/2020 07 10 23 36 39 44
T6, 27/03/2020 01 06 10 35 36 45
T4, 25/03/2020 26 31 33 37 38 45
CN, 22/03/2020 02 10 19 22 24 29
T6, 20/03/2020 08 23 29 37 39 44
T4, 18/03/2020 06 21 30 37 38 45
CN, 15/03/2020 04 07 11 17 19 31
T6, 13/03/2020 08 13 20 28 35 45
T4, 11/03/2020 12 16 29 35 37 44
CN, 08/03/2020 03 13 17 19 21 43
T6, 06/03/2020 06 09 10 16 26 42
T4, 04/03/2020 01 07 17 24 35 41
CN, 01/03/2020 01 06 07 13 26 39
T6, 28/02/2020 02 19 23 27 29 38
T4, 26/02/2020 02 10 12 20 24 39
CN, 23/02/2020 01 06 16 23 34 42
T6, 21/02/2020 13 15 22 28 29 41
T4, 19/02/2020 01 16 23 25 30 38
CN, 16/02/2020 01 04 14 36 37 41
T6, 14/02/2020 04 14 24 32 36 43
T4, 12/02/2020 05 13 16 20 24 35
CN, 09/02/2020 01 04 18 22 26 35
T6, 07/02/2020 06 11 15 33 40 44
T4, 05/02/2020 09 19 24 37 38 45
CN, 02/02/2020 01 04 16 32 35 38
T6, 31/01/2020 08 09 20 25 30 40
T4, 29/01/2020 03 10 16 24 39 44
CN, 26/01/2020 04 05 09 25 33 37
T4, 22/01/2020 01 15 16 34 36 42
CN, 19/01/2020 01 04 19 25 35 39
T6, 17/01/2020 08 26 28 37 40 42
T4, 15/01/2020 02 08 19 31 38 44
CN, 12/01/2020 07 12 17 21 35 45
T6, 10/01/2020 10 18 24 35 41 43
T4, 08/01/2020 02 04 10 21 25 43
CN, 05/01/2020 05 11 12 26 44 45
T6, 03/01/2020 01 15 17 26 32 44
T4, 01/01/2020 08 10 23 26 37 38

